    15.00
    45.00
    75.00
   105.00
   135.00
   165.00
   195.00
   225.00
   255.00
   285.00
   315.00
   345.00
   375.00
   405.00
   435.00
   465.00
   495.00
   525.00
   555.00
   585.00
   615.00
   645.00
   675.00
   705.00
   735.00
   765.00
   795.00
   825.00
   855.00
   885.00
   915.00
   945.00
   975.00
  1005.00
  1035.00
  1065.00
  1095.00
  1125.00
  1155.00
  1185.00
  1215.00
  1245.00
  1275.00
  1305.00
  1335.00
  1365.00
  1395.00
  1425.00
  1455.00
  1485.00
  1515.00
  1545.00
  1575.00
  1605.00
  1635.00
  1665.00
  1695.00
  1725.00
  1755.00
  1785.00
  1815.00
  1845.00
  1875.00
  1905.00
  1935.00
  1965.00
  1995.00
  2025.00
  2055.00
  2085.00
  2115.00
  2145.00
  2175.00
  2205.00
  2235.00
  2265.00
  2295.00
  2325.00
  2355.00
  2385.00
  2415.00
  2445.00
  2475.00
  2505.00
  2535.00
  2565.00
  2595.00
  2625.00
  2655.00
  2685.00
  2715.00
  2745.00
  2775.00
  2805.00
  2835.00
  2865.00
  2895.00
  2925.00
  2955.00
  2985.00
  3015.00
  3045.00
  3075.00
  3105.00
  3135.00
  3165.00
  3195.00
  3225.00
  3255.00
  3285.00
  3315.00
  3345.00
  3375.00
  3405.00
  3435.00
  3465.00
  3495.00
  3525.00
  3555.00
  3585.00
  3615.00
  3645.00
  3675.00
  3705.00
  3735.00
  3765.00
  3795.00
  3825.00
  3855.00
  3885.00
  3915.00
  3945.00
  3975.00
  4005.00
  4035.00
  4065.00
  4095.00
  4125.00
  4155.00
  4185.00
  4215.00
  4245.00
  4275.00
  4305.00
  4335.00
  4365.00
  4395.00
  4425.00
  4455.00
  4485.00
  4515.00
  4545.00
  4575.00
  4605.00
  4635.00
  4665.00
  4695.00
  4725.00
  4755.00
  4785.00
  4815.00
  4845.00
  4875.00
  4905.00
  4935.00
  4965.00
  4995.00
  5025.80
  5058.25
  5092.50
  5128.60
  5166.60
  5206.70
  5248.95
  5293.45
  5340.40
  5389.85
  5441.95
  5496.90
  5554.80
  5615.85
  5680.20
  5748.00
  5819.50
  5894.85
  5974.25
  6057.95
  6146.15
  6239.10
  6337.10
  6440.40
  6549.25
  6663.95
  6784.85
  6912.35
  7046.70
  7188.30
  7337.55
  7494.85
  7660.65
  7835.40
  8019.60
  8213.75
  8418.40
  8634.05
  8861.35
  9100.95
  9353.50
  9619.65
  9900.20
 10194.20
 10494.20
 10794.20
 11094.20
 11394.20
 11694.20
 11994.20
 12294.20
 12594.20
 12894.20
 13194.20
 13494.20
 13794.20
 14094.20
 14394.20
 14672.10
