day		sst(K)		H(W/m2)		LE(W/m2)	TAU(m2/s2) 
243.500000	294.185189	12.194483	32.333701	0.000000
243.541670	295.826842	48.495643	75.948592	0.000000
243.583330	298.179933	101.286569	130.798031	0.000000
243.625000	300.790245	154.594707	184.828492	0.000000
243.666670	303.242832	197.745680	231.817238	0.000000
243.708330	305.269830	222.527953	268.022987	0.000000
243.750000	306.742236	231.272161	284.426172	0.000000
243.791670	307.605283	221.829223	285.327771	0.000000
243.833330	307.866879	197.067231	268.108689	0.000000
243.875000	307.548218	157.079980	237.329451	0.000000
243.916670	306.686004	106.831068	191.784170	0.000000
243.958330	305.317292	53.154852	135.433725	0.000000
244.000000	303.518738	7.066027	81.387160	0.000000
244.041670	301.453786	-19.670755	39.657619	0.000000
244.083330	299.453928	-28.223983	17.542439	0.000000
244.125000	297.804521	-25.800659	8.342937	0.000000
244.166670	296.619158	-22.147506	4.824982	0.000000
244.208330	295.762322	-18.778243	2.307551	0.000000
244.250000	295.091257	-15.989933	0.747291	0.000000
