     day sst(K) H(W/m2) LE(W/m2) TAU(m/s)
   157.50000    294.05731     13.24942     44.69138      0.00000
   157.54167    295.98306     48.76554     96.70594      0.00000
   157.58333    298.54114     99.58856    153.17004      0.00000
   157.62500    301.13531    148.21465    198.07864      0.00000
   157.66667    303.46396    188.88417    238.68620      0.00000
   157.70833    305.28238    214.88211    275.64560      0.00000
   157.75000    306.66974    233.70735    310.87772      0.00000
   157.79167    307.50720    225.00298    321.96060      0.00000
   157.83333    307.82993    199.06253    311.20120      0.00000
   157.87500    307.58035    153.88382    274.13864      0.00000
   157.91667    306.84048    106.64320    225.52802      0.00000
   157.95833    305.63245     52.86644    161.65688      0.00000
   158.00000    303.99875      2.98058     99.19727      0.00000
   158.04167    302.00430    -28.28614     49.33903      0.00000
   158.08333    300.02606    -41.52336     23.43365      0.00000
   158.12500    298.41083    -40.90387     11.46173      0.00000
   158.16667    297.29364    -38.11063      8.75241      0.00000
   158.20833    296.45160    -33.16894      4.73560      0.00000
   158.25000    295.71985    -27.39808      1.09639      0.00000
