     day sst(K) H(W/m2) LE(W/m2) TAU(m/s)
 139.5000000    282.71106     12.05478     30.13496      0.00000
 139.5208333    283.35858     28.70505     49.40558      0.00000
 139.5416667    284.00607     45.35531     68.67620      0.00000
 139.5625000    284.99203     72.36357     93.24872      0.00000
 139.5833333    285.97800     99.37183    117.82124      0.00000
 139.6041667    287.19434    130.80086    144.04599      0.00000
 139.6250000    288.41071    162.22989    170.27074      0.00000
 139.6458333    289.69516    189.63391    193.71066      0.00000
 139.6666667    290.97961    217.03792    217.15060      0.00000
 139.6875000    292.15201    234.29935    235.18013      0.00000
 139.7083333    293.32440    251.56076    253.20966      0.00000
 139.7291667    294.23682    257.91406    264.72440      0.00000
 139.7500000    295.14920    264.26733    276.23914      0.00000
 139.7708333    295.71936    257.88995    274.79218      0.00000
 139.7916667    296.28949    251.51260    273.34525      0.00000
 139.8125000    296.45544    236.44585    263.07629      0.00000
 139.8333333    296.62143    221.37909    252.80731      0.00000
 139.8541667    296.44107    195.95222    231.81250      0.00000
 139.8750000    296.26071    170.52536    210.81770      0.00000
 139.8958333    295.78619    142.93048    190.24115      0.00000
 139.9166667    295.31168    115.33560    169.66458      0.00000
 139.9375000    294.57953     84.16275    143.94458      0.00000
 139.9583333    293.84738     52.98990    118.22459      0.00000
 139.9791667    292.85229     30.35255     95.06522      0.00000
 140.0000000    291.85724      7.71520     71.90585      0.00000
 140.0208333    290.70477     -4.21001     51.37790      0.00000
 140.0416667    289.55234    -16.13522     30.84995      0.00000
 140.0625000    288.47025    -16.69701     20.47176      0.00000
 140.0833333    287.38815    -17.25880     10.09356      0.00000
 140.1041667    286.54395    -13.80558      6.14257      0.00000
 140.1250000    285.69977    -10.35236      2.19157      0.00000
